 average value of the n mapped value 
1 1.78692
2 1.48971
3 1.56341
4 1.60537
5 1.66074
6 1.53896
7 1.4782
8 1.50479
9 1.45282
10 1.44807
11 1.4349
12 1.44075
13 1.41862
14 1.41381
15 1.44864
16 1.47612
17 1.47836
18 1.4864
19 1.45319
20 1.45433
21 1.41786
22 1.39843
23 1.37457
24 1.38975
25 1.36919
26 1.36273
27 1.34336
28 1.32437
29 1.34762
30 1.33462
31 1.33514
32 1.34921
33 1.35328
34 1.34469
35 1.34961
36 1.35006
37 1.34937
38 1.36554
39 1.35762
40 1.36606
41 1.36613
42 1.37392
43 1.36988
44 1.38091
45 1.37344
46 1.36829
47 1.37627
48 1.38702
49 1.37422
50 1.38538
51 1.38504
52 1.37343
53 1.36493
54 1.36838
55 1.3772
56 1.37282
57 1.36193
58 1.3504
59 1.34916
60 1.33919
61 1.33337
62 1.34349
63 1.35184
64 1.35886
65 1.35368
66 1.35418
67 1.35138
68 1.35622
69 1.35613
70 1.359
71 1.35923
72 1.35034
73 1.34897
74 1.35654
75 1.36389
76 1.36736
77 1.36319
78 1.36688
79 1.36882
80 1.36594
81 1.36863
82 1.36277
83 1.36145
84 1.36715
85 1.37192
86 1.36884
87 1.36428
88 1.36989
89 1.36723
90 1.36962
91 1.37591
92 1.37673
93 1.37852
94 1.38313
95 1.38176
96 1.38714
97 1.38519
98 1.38894
99 1.39086
100 1.39577
101 1.39492
102 1.3906
103 1.39587
104 1.40066
105 1.39554
106 1.39975
107 1.40088
108 1.39942
109 1.40028
110 1.39701
111 1.39987
112 1.39699
113 1.3958
114 1.39205
115 1.38792
116 1.38487
117 1.38508
118 1.38369
119 1.37957
120 1.3837
121 1.37891
122 1.37445
123 1.37407
124 1.37654
125 1.38137
126 1.38559
127 1.38711
128 1.38548
129 1.38766
130 1.38589
131 1.38339
132 1.38031
133 1.3808
134 1.37791
135 1.37414
136 1.37612
137 1.37216
138 1.37472
139 1.3712
140 1.37326
141 1.36895
142 1.37293
143 1.36848
144 1.36844
145 1.36522
146 1.36262
147 1.36513
148 1.36701
149 1.36818
150 1.3721
151 1.37308
152 1.3751
153 1.37128
154 1.36787
155 1.36782
156 1.364
157 1.36015
158 1.35749
159 1.35701
160 1.35953
161 1.35997
162 1.36191
163 1.35807
164 1.35514
165 1.35905
166 1.35652
167 1.35949
168 1.35636
169 1.36015
170 1.3565
171 1.35925
172 1.35579
173 1.35184
174 1.35497
175 1.35556
176 1.35302
177 1.35037
178 1.34946
179 1.35245
180 1.35471
181 1.35355
182 1.35383
183 1.35429
184 1.35383
185 1.35507
186 1.35209
187 1.35221
188 1.35393
189 1.35244
190 1.35579
191 1.35621
192 1.35872
193 1.3603
194 1.36105
195 1.35773
196 1.35929
197 1.36141
198 1.36413
199 1.36648
200 1.36852
201 1.37153
202 1.37295
203 1.3754
204 1.37836
205 1.37922
206 1.37898
207 1.3766
208 1.3785
209 1.38077
210 1.37786
211 1.37859
212 1.37679
213 1.3774
214 1.37551
215 1.37655
216 1.37522
217 1.37398
218 1.37215
219 1.36938
220 1.37002
221 1.36819
222 1.36894
223 1.36884
224 1.37149
225 1.37002
226 1.37013
227 1.37125
228 1.36883
229 1.36851
230 1.36889
231 1.3713
232 1.37085
233 1.36976
234 1.37158
235 1.37105
236 1.36808
237 1.36706
238 1.36747
239 1.36919
240 1.36756
241 1.36839
242 1.36815
243 1.36791
244 1.3667
245 1.36772
246 1.36586
247 1.36638
248 1.36378
249 1.3632
250 1.36413
251 1.36493
252 1.36553
253 1.3646
254 1.36282
255 1.36327
256 1.36382
257 1.3649
258 1.36389
259 1.36501
260 1.36336
261 1.36539
262 1.36621
263 1.36686
264 1.36551
265 1.36555
266 1.36336
267 1.36206
268 1.36383
269 1.36464
270 1.36251
271 1.36049
272 1.35971
273 1.35999
274 1.36035
275 1.36106
276 1.35994
277 1.36117
278 1.36005
279 1.35914
280 1.35757
281 1.35979
282 1.35735
283 1.3588
284 1.35792
285 1.35638
286 1.356
287 1.35805
288 1.35991
289 1.36104
290 1.36186
291 1.36002
292 1.36078
293 1.36016
294 1.36131
295 1.36322
296 1.36499
297 1.36651
298 1.36507
299 1.36627
300 1.36638
301 1.36537
302 1.36705
303 1.36874
304 1.37027
305 1.37014
306 1.37035
307 1.36876
308 1.36767
309 1.36913
310 1.36898
311 1.36871
312 1.37009
313 1.36996
314 1.36895
315 1.36749
316 1.36816
317 1.369
318 1.36738
319 1.3677
320 1.36756
321 1.36886
322 1.36968
323 1.36824
324 1.36699
325 1.36688
326 1.36523
327 1.36365
328 1.36299
329 1.36219
330 1.36385
331 1.3654
332 1.3658
333 1.36705
334 1.36822
335 1.3681
336 1.36734
337 1.36682
338 1.36735
339 1.36768
340 1.36663
341 1.36517
342 1.36341
343 1.3618
344 1.36228
345 1.36167
346 1.36078
347 1.36005
348 1.35841
349 1.35806
350 1.35964
351 1.35988
352 1.35892
353 1.35945
354 1.36036
355 1.36024
356 1.35888
357 1.36023
358 1.36063
359 1.36062
360 1.35946
361 1.3596
362 1.35926
363 1.3604
364 1.35993
365 1.35893
366 1.35822
367 1.35899
368 1.35942
369 1.3611
370 1.36045
371 1.3618
372 1.36042
373 1.36003
374 1.35819
375 1.35914
376 1.36004
377 1.35924
378 1.35781
379 1.35903
380 1.35974
381 1.35809
382 1.35785
383 1.35948
384 1.36013
385 1.35906
386 1.35891
387 1.3601
388 1.35863
389 1.3572
390 1.35674
391 1.356
392 1.35648
393 1.35747
394 1.35616
395 1.35459
396 1.35303
397 1.35284
398 1.35373
399 1.35432
400 1.35408
401 1.35276
402 1.35301
403 1.35322
404 1.35327
405 1.35353
406 1.35303
407 1.35234
408 1.35356
409 1.35344
410 1.35231
411 1.35262
412 1.35266
413 1.353
414 1.35326
415 1.35236
416 1.35337
417 1.35194
418 1.35062
419 1.35193
420 1.35083
421 1.35074
422 1.34983
423 1.35082
424 1.35012
425 1.34963
426 1.35078
427 1.35025
428 1.35119
429 1.35164
430 1.35016
431 1.34937
432 1.3502
433 1.35054
434 1.35154
435 1.35091
436 1.35001
437 1.34905
438 1.34936
439 1.34814
440 1.34863
441 1.34945
442 1.35008
443 1.34914
444 1.34881
445 1.34822
446 1.34799
447 1.34715
448 1.34678
449 1.34685
450 1.3458
451 1.34593
452 1.34447
453 1.3441
454 1.34373
455 1.34313
456 1.34381
457 1.34309
458 1.3435
459 1.34363
460 1.34482
461 1.34534
462 1.3462
463 1.34675
464 1.34618
465 1.34657
466 1.34513
467 1.34519
468 1.34615
469 1.34646
470 1.34684
471 1.34686
472 1.34655
473 1.34613
474 1.34672
475 1.34754
476 1.34801
477 1.34701
478 1.34568
479 1.34444
480 1.34493
481 1.34404
482 1.34435
483 1.34488
484 1.34504
485 1.34364
486 1.34227
487 1.34171
488 1.34105
489 1.34145
490 1.34241
491 1.34153
492 1.34108
493 1.34152
494 1.34252
495 1.34292
496 1.3424
497 1.34341
498 1.34255
499 1.34162
500 1.34161
501 1.34247
502 1.34292
503 1.34397
504 1.34313
505 1.34283
506 1.34336
507 1.34431
508 1.34441
509 1.34501
510 1.34612
511 1.3454
512 1.34649
513 1.34659
514 1.34769
515 1.34765
516 1.34776
517 1.34886
518 1.34961
519 1.35038
520 1.35059
521 1.35096
522 1.35219
523 1.35327
524 1.35278
525 1.35369
526 1.35388
527 1.35419
528 1.35481
529 1.35546
530 1.35616
531 1.35552
532 1.35574
533 1.35563
534 1.35475
535 1.35545
536 1.35632
537 1.3572
538 1.35756
539 1.3573
540 1.35753
541 1.35773
542 1.35804
543 1.35809
544 1.35718
545 1.35733
546 1.35615
547 1.3566
548 1.3566
549 1.35736
550 1.35736
551 1.35637
552 1.35631
553 1.35629
554 1.35516
555 1.35588
556 1.35556
557 1.35585
558 1.3557
559 1.35481
560 1.35456
561 1.35392
562 1.35367
563 1.35249
564 1.35297
565 1.35311
566 1.35381
567 1.35397
568 1.35381
569 1.35372
570 1.35484
571 1.35377
572 1.35274
573 1.35304
574 1.35323
575 1.35255
576 1.35187
577 1.35214
578 1.35308
579 1.3536
580 1.35348
581 1.3533
582 1.35407
583 1.35507
584 1.35606
585 1.35693
586 1.35749
587 1.35707
588 1.35712
589 1.35644
590 1.35635
591 1.35733
592 1.35721
593 1.35803
594 1.35904
595 1.35829
596 1.35815
597 1.35874
598 1.35929
599 1.36015
600 1.35956
601 1.3601
602 1.36108
603 1.36067
604 1.3604
605 1.36049
606 1.36057
607 1.36079
608 1.36007
609 1.35998
610 1.35963
611 1.35992
612 1.36079
613 1.36011
614 1.3603
615 1.36105
616 1.36016
617 1.35984
618 1.35915
619 1.35942
620 1.35958
621 1.35992
622 1.36008
623 1.35909
624 1.35918
625 1.35928
626 1.35869
627 1.35762
628 1.35725
629 1.35617
630 1.35703
631 1.35721
632 1.35774
633 1.35852
634 1.35939
635 1.35867
636 1.35852
637 1.35845
638 1.35903
639 1.35928
640 1.36021
641 1.35945
642 1.35898
643 1.35973
644 1.35941
645 1.3602
646 1.36067
647 1.36058
648 1.36007
649 1.36094
650 1.36013
651 1.36083
652 1.36104
653 1.36145
654 1.36227
655 1.36158
656 1.3611
657 1.36038
658 1.35974
659 1.35995
660 1.35926
661 1.35847
662 1.35788
663 1.35874
664 1.35773
665 1.35701
666 1.35621
667 1.3561
668 1.35636
669 1.35716
670 1.35633
671 1.35652
672 1.35563
673 1.35539
674 1.35535
675 1.35519
676 1.35475
677 1.35422
678 1.355
679 1.35509
680 1.35446
681 1.35351
682 1.35335
683 1.35394
684 1.3544
685 1.35409
686 1.35503
687 1.35409
688 1.35411
689 1.3535
690 1.35378
691 1.35414
692 1.35378
693 1.3545
694 1.35475
695 1.35441
696 1.35352
697 1.354
698 1.35455
699 1.3549
700 1.35522
701 1.35595
702 1.35557
703 1.35601
704 1.3556
705 1.35615
706 1.35553
707 1.35567
708 1.3548
709 1.35402
710 1.35335
711 1.35284
712 1.35213
713 1.35227
714 1.35142
715 1.35212
716 1.35292
717 1.35207
718 1.35284
719 1.35275
720 1.35227
721 1.35241
722 1.35177
723 1.3519
724 1.35183
725 1.35239
726 1.35314
727 1.35316
728 1.35329
729 1.35368
730 1.35315
731 1.35269
732 1.35291
733 1.35295
734 1.35205
735 1.3528
736 1.3525
737 1.35194
738 1.35196
739 1.35176
740 1.35138
741 1.35168
742 1.35192
743 1.35179
744 1.35135
745 1.35169
746 1.35137
747 1.35084
748 1.35127
749 1.35082
750 1.35112
751 1.35024
752 1.35083
753 1.35143
754 1.35158
755 1.35125
756 1.35152
757 1.35154
758 1.35213
759 1.35167
760 1.35121
761 1.35044
762 1.35045
763 1.3511
764 1.35128
765 1.35131
766 1.35184
767 1.35262
768 1.353
769 1.35271
770 1.35244
771 1.35162
772 1.35078
773 1.3499
774 1.34986
775 1.34948
776 1.34982
777 1.35035
778 1.35034
779 1.35026
780 1.34952
781 1.34897
782 1.34892
783 1.34962
784 1.34882
785 1.3481
786 1.34765
787 1.34799
788 1.34816
789 1.34745
790 1.34821
791 1.34881
792 1.34823
793 1.34817
794 1.34858
795 1.34903
796 1.34818
797 1.3483
798 1.34867
799 1.34906
800 1.34975
801 1.34905
802 1.34951
803 1.35023
804 1.34955
805 1.34916
806 1.34871
807 1.3492
808 1.34851
809 1.3489
810 1.34851
811 1.34796
812 1.34866
813 1.34907
814 1.34839
815 1.34916
816 1.3497
817 1.34942
818 1.34972
819 1.34963
820 1.3495
821 1.34973
822 1.34942
823 1.34957
824 1.34895
825 1.34825
826 1.34804
827 1.34744
828 1.34768
829 1.34704
830 1.34763
831 1.34775
832 1.34727
833 1.34752
834 1.34755
835 1.34723
836 1.34792
837 1.34833
838 1.34771
839 1.34696
840 1.34697
841 1.34679
842 1.34632
843 1.34623
844 1.34568
845 1.34536
846 1.34524
847 1.34445
848 1.34467
849 1.34407
850 1.344
851 1.34334
852 1.34376
853 1.3442
854 1.34447
855 1.3451
856 1.34566
857 1.34496
858 1.34425
859 1.34428
860 1.34376
861 1.34441
862 1.3438
863 1.34361
864 1.34375
865 1.34395
866 1.34425
867 1.34429
868 1.34414
869 1.34462
870 1.34473
871 1.34536
872 1.34492
873 1.34535
874 1.34514
875 1.34495
876 1.34432
877 1.34478
878 1.34459
879 1.34496
880 1.3456
881 1.34612
882 1.3466
883 1.34691
884 1.3471
885 1.34711
886 1.34728
887 1.34727
888 1.34737
889 1.34761
890 1.34689
891 1.34726
892 1.34739
893 1.34684
894 1.34629
895 1.34582
896 1.34622
897 1.34672
898 1.34706
899 1.34657
900 1.3468
901 1.34651
902 1.34591
903 1.34647
904 1.34587
905 1.34583
906 1.34548
907 1.34502
908 1.3447
909 1.34492
910 1.34556
911 1.34514
912 1.34514
913 1.34553
914 1.34615
915 1.34562
916 1.3453
917 1.34538
918 1.34558
919 1.34611
920 1.3457
921 1.34594
922 1.34612
923 1.34658
924 1.34702
925 1.3474
926 1.3467
927 1.34682
928 1.34698
929 1.34734
930 1.34772
931 1.34739
932 1.34677
933 1.3473
934 1.34682
935 1.34635
936 1.34613
937 1.34604
938 1.34585
939 1.34605
940 1.34547
941 1.34521
942 1.34572
943 1.34586
944 1.34529
945 1.3457
946 1.34604
947 1.34589
948 1.34569
949 1.34553
950 1.34519
951 1.34532
952 1.3447
953 1.34525
954 1.34515
955 1.34567
956 1.3459
957 1.34583
958 1.34578
959 1.34547
960 1.34508
961 1.34471
962 1.34481
963 1.34452
964 1.34399
965 1.34433
966 1.34429
967 1.34426
968 1.34382
969 1.3443
970 1.34379
971 1.34349
972 1.34305
973 1.34236
974 1.3429
975 1.3426
976 1.34301
977 1.34321
978 1.34345
979 1.343
980 1.34237
981 1.34299
982 1.34335
983 1.34282
984 1.3433
985 1.34289
986 1.34355
987 1.34359
988 1.3438
989 1.34375
990 1.34418
991 1.3447
992 1.34497
993 1.34483
994 1.34441
995 1.34485
996 1.34438
997 1.3446
998 1.34435
999 1.34413
1000 1.34417
